app.js:40 363 323.46967710303136 202
app.js:40 433 393.78964052232493 202
app.js:40 261 221.1666209138803 202
app.js:40 248 208.2679265487872 202
app.js:40 528 488.69884770451563 202
app.js:40 367 327.1764250038323 202
app.js:40 442 402.8465074865399 202
app.js:40 265 225.3001789666697 202
app.js:40 251 211.62310225768556 202
app.js:40 535 495.5026186534685 202
app.js:40 370 330.4713120267665 202
app.js:40 450 410.8970558991755 202
app.js:40 268 228.9744527913714 202
app.js:40 255 215.1879764483901 202
